500
200
377 28
112 312
94 437
215 177
309 68
397 193
386 98
227 342
161 1
2 151
406 202
428 379
218 339
228 63
420 374
90 151
456 4
105 65
13 74
189 432
133 308
399 294
12 317
26 368
347 403
444 427
190 179
317 27
101 12
498 235
110 226
269 39
42 355
436 484
80 91
260 499
165 348
242 151
330 83
401 393
392 245
360 38
138 312
355 454
80 29
104 4
254 456
420 476
112 486
453 141
109 409
21 223
364 25
177 369
398 186
363 233
473 412
365 38
283 69
131 386
436 234
46 232
60 123
246 289
207 28
244 138
266 323
317 114
98 121
391 425
334 152
45 169
372 368
185 228
32 184
458 95
100 99
91 447
16 251
500 229
426 199
294 205
5 449
97 268
42 380
70 415
162 351
463 20
278 333
128 65
409 419
40 138
368 55
138 406
48 234
59 359
33 294
251 408
142 288
390 412
193 159
76 428
280 216
403 345
214 84
163 190
438 441
259 205
225 453
304 380
120 67
193 306
337 500
36 425
414 74
16 199
260 45
63 94
428 269
81 387
141 84
144 330
100 112
305 148
103 467
62 71
23 204
337 161
366 386
410 342
303 381
206 21
390 464
78 223
19 438
336 48
129 347
182 208
185 401
468 209
72 25
267 51
202 352
149 88
398 211
286 367
459 476
88 451
208 244
433 332
330 91
290 89
377 100
85 500
442 78
6 252
256 235
184 339
252 210
174 107
18 84
55 241
36 65
134 263
114 185
249 363
73 265
34 56
402 22
147 311
398 466
478 403
149 288
186 265
132 108
59 146
231 413
164 311
37 88
99 452
474 320
252 326
34 121
485 445
204 497
422 435
93 196
158 378
220 93
161 135
486 150
411 281
492 379
431 349
49 14
299 134
48 44
500 269
201 393
63 254