100
200
19 100
22 72
31 47
59 100
95 5
57 12
8 29
100 22
55 73
90 1
57 17
93 13
3 59
84 37
18 21
47 86
72 80
53 99
98 7
49 29
93 60
78 88
20 94
85 36
83 70
30 99
27 97
7 22
29 69
9 17
68 98
27 15
11 39
58 62
100 75
30 17
34 58
6 51
73 17
97 8
81 71
64 49
50 80
18 17
94 73
20 8
38 62
88 39
27 53
7 21
29 4
38 57
38 60
33 32
87 43
45 14
4 87
95 85
23 85
19 39
75 89
29 5
35 54
57 11
8 80
63 39
32 48
47 73
62 99
22 63
33 59
100 88
64 26
13 30
64 41
89 6
88 59
27 85
39 66
46 58
80 23
69 80
59 18
77 18
94 2
63 78
19 72
61 72
32 67
21 49
26 5
49 22
26 6
22 36
31 27
89 70
41 29
2 74
67 3
51 98
97 16
91 79
91 42
71 73
49 88
3 85
92 85
46 44
45 35
2 3
19 99
1 48
55 69
93 50
63 8
84 39
53 74
31 96
75 16
49 52
82 70
92 27
75 3
56 89
17 39
77 43
72 96
10 99
11 75
51 50
95 66
4 57
23 6
56 76
93 48
6 48
28 31
67 43
98 13
5 90
48 94
42 73
55 24
56 84
17 26
35 70
34 52
100 73
50 34
98 48
72 45
46 72
62 100
39 10
43 22
3 16
21 40
64 28
53 18
24 31
76 52
34 48
67 37
22 16
96 23
2 6
86 52
25 8
65 60
52 95
75 86
63 60
41 72
14 40
62 68
99 4
20 41
40 90
12 85
94 37
64 89
88 98
95 33
20 47
31 48
96 79
88 61
84 22
24 12
39 15
78 3
51 89
38 51
54 69
48 88
42 40
72 3
28 66
21 52
73 60