200
80
28 113
76 160
95 103
46 153
138 24
57 119
167 5
66 184
30 104
105 86
178 21
12 46
88 187
54 125
117 99
122 78
86 18
27 194
134 7
125 53
138 57
11 136
139 79
146 88
9 112
96 174
184 21
34 64
2 143
32 29
167 36
96 195
85 176
54 152
58 156
96 197
173 185
142 94
83 131
35 154
137 193
145 25
163 72
50 64
151 119
58 101
138 97
37 59
52 147
170 1
179 81
71 162
13 40
63 34
31 47
102 93
115 64
100 37
156 11
95 90
19 57
72 166
154 108
13 142
14 1
130 88
20 126
106 104
152 135
199 197
93 161
194 2
38 70
79 52
197 20
113 89
92 33
126 144
88 6
114 56