20000
5000
18676 19033
17900 14791
9780 6557
1224 10231
19370 9783
5180 15191
7443 8221
7444 7392
13742 15999
14359 374
9833 746
13739 16589
10164 1517
12073 228
6377 19039
5788 11006
13182 1987
19288 12092
1206 11493
18673 15489
2500 12787
19370 16348
7754 17634
8341 14107
10786 4144
17100 2757
15493 11584
10464 15192
3196 6949
17787 7277
4217 7369
8342 6137
6499 17812
621 4150
6234 7090
16480 15203
700 16847
5391 3009
1894 17958
11493 2623
11057 16720
16725 5779
18809 9224
6965 8243
3362 6460
14987 3134
10177 5012
13914 7981
10403 18570
7971 15277
12599 14075
13499 16374
2475 12926
2525 6807
8763 2481
13608 17456
19850 16009
267 10442
5414 255
5972 11262
10080 18963
6508 19358
1968 17985
5444 8201
18030 3000
6542 12916
10188 14415
18079 8577
1540 5681
8431 5540
10298 1031
9661 9508
10590 6569
16438 13506
13929 14666
11321 6537
12874 15783
4229 19422
9292 14129
3876 2163
13664 13962
2015 19145
8954 1885
7535 18592
2861 17157
16739 920
5631 16791
8620 16953
7113 5172
9476 11492
6368 8912
19926 10249
9909 16857
19179 8967
506 12425
16381 2314
7519 877
6900 7178
1825 17637
12624 10035
13687 15477
19647 1330
10257 8118
14167 11111
10956 15749
17997 9685
3549 13981
18753 4604
11527 11917
16627 11057
14279 17309
9582 16566
15524 7170
11878 2873
12614 10762
7015 7983
19586 8534
15520 9577
188 15357
10420 7326
13641 9328
18836 16140
5505 8459
6791 14959
8780 6689
16182 6431
16255 17990
7774 11670
4111 2710
2151 11232
8927 3859
1759 8605
5480 2682
1487 15648
1113 12657
12658 852
13955 8979
15900 685
16895 16600
2025 11951
6970 14079
16895 18760
712 12763
16149 1596
20000 1251
18791 7910
77 3602
4769 13790
1680 6427
11042 14460
2561 4792
3041 7722
243 19753
14012 18923
17413 11389
13410 18629
4176 10365
7348 4897
17220 18330
9016 914
4979 2877
5087 15712
19992 16303
5285 10777
14921 19118
16634 8615
17062 8972
11333 10634
17687 3623
17762 1240
17198 2608
17842 2580
14797 16391
760 10133
2305 4116
3026 3171
15695 1437
17891 6102
15123 8482
3351 16785
4399 4642
17274 16158
4302 1660
627 9830
596 19428
15353 6805
17243 9906
2131 13060
18085 3758
15081 8452
16106 11579
15394 4270
8439 16992
3968 5706
17361 12433
4288 8638
2803 10111
11125 3325
289 10394
18065 18970
9686 7812
7447 2576
14811 862
9975 3120
11675 6012
18087 7783
4037 18536
7120 10849
8927 13256
1342 7816
1938 16788
18163 17397
2352 9554
13103 2302
11508 10596
10562 6015
14369 1165
1017 7304
13835 14054
13931 16737
10128 14840
17485 255
3448 8471
11213 13661
7087 33
5643 8891
10346 2086
4266 7989
5831 12611
17475 13973
14086 7393
5528 19103
37 18569
8191 534
338 7122
12388 945
8463 1258
16002 17449
15281 4857
5917 5952
16845 663
1458 10067
18240 1336
580 3833
2624 18224
5458 15681
17948 2433
16592 17432
348 5732
10099 16614
2839 9840
11541 2958
10688 1803
11490 10657
736 10470
12926 6839
912 4461
18675 3652
8352 5589
18253 16473
9751 13325
17810 13978
15981 5697
14324 7135
14509 19936
5724 3695
17760 2174
12361 12305
3342 9728
2018 16128
2924 11705
614 9690
564 4161
13834 4639
8402 14500
1073 204
17902 16530
12437 2376
18189 12324
1955 2160
9563 19975
5748 7735
19844 17358
2571 7954
14026 11186
15973 5328
13534 7894
12253 15504
10431 18352
16470 7206
14005 11894
9941 11702
2472 6833
6983 4109
10860 4419
16104 10150
7673 1097
11399 1505
17557 9953
13616 10446
14939 6430
7159 193
4492 5621
19239 11288
18281 18926
466 6217
16582 6335
12339 14652
19599 17290
6432 19877
720 17874
12498 3320
18409 14946
18299 18593
13503 8917
2636 19019
11413 15997
14888 13382
4615 18039
19310 13436
9807 3516
396 3731
16272 16691
16809 9379
7195 13718
15703 610
4096 14182
16696 14339
16031 14504
5314 12403
9832 15671
19441 13740
15451 11905
9087 13529
1279 9187
19776 16109
18408 12936
12877 504
19840 2703
12420 7473
10983 18384
17251 5212
1077 17257
19810 17206
1775 4030
8397 166
18654 7163
18479 2632
4255 13841
387 15501
7075 3306
5734 4614
19978 13626
2913 12491
3590 545
13246 11422
15532 18693
13661 3325
14670 15245
19229 13129
11139 14004
19441 11939
17443 3939
15815 13804
3771 10353
15226 15649
11471 19153
13294 13781
12689 5091
15244 12351
1272 3398
7833 19241
294 885
15248 3072
14967 7345
4341 1405
6167 1065
10120 4612
9451 3204
11098 12582
17214 5044
15946 12061
17468 9323
7803 11344
1779 12341
10695 15955
16992 7012
13677 14095
635 8720
12653 3822
8298 15625
7257 15299
12734 12957
744 908
9119 16895
14536 3632
18612 7758
5888 9821
3267 4559
7066 6319
9334 3339
7521 13882
3126 273
16692 18936
13877 7177
14443 13936
11396 1834
18532 2925
2834 18468
14103 13392
12484 14739
18870 18095
11335 10778
19491 11256
8923 3074
9569 2383
9072 11432
7757 7929
3227 769
15686 16126
10323 11140
9706 13522
10556 9225
7888 13117
1859 2370
14314 13469
12592 12327
16342 5712
11633 10011
17394 11197
8009 4861
7701 16254
6135 2804
8564 12615
19935 15359
11833 12069
9303 19088
15650 2192
5792 9367
9937 6319
892 5364
10668 5393
19905 4177
675 11957
17172 11185
6524 17225
4273 11019
5977 1066
1865 8907
18578 1679
7889 5736
3144 6837
201 11794
10202 11816
3 13960
14902 10454
13985 9017
6482 5269
7716 1800
14038 160
564 1037
5204 14933
13303 8058
4261 14754
3597 3909
19257 19592
11636 18996
3942 8802
8495 16008
9602 4270
13128 11658
4345 1810
449 5708
12943 5057
2555 16767
19023 18641
7910 3505
13244 18173
9181 17224
5990 13428
19439 7133
11229 18053
8542 3204
9332 14265
6790 13154
11004 14198
1309 9877
11883 10916
12137 13564
7956 1575
19600 8777
15619 12836
2329 920
7041 4317
16148 8813
11394 9754
18061 10500
5637 17500
16701 7957
4676 12080
10853 13017
74 16760
1050 1620
8914 13418
5731 16408
19992 10503
3088 18721
3180 2429
12496 197
19676 14502
5262 1484
15720 16331
13477 10967
493 13609
7844 9956
65 13291
650 12440
3582 387
18379 17285
15340 5965
23 8695
16936 5390
11724 6749
7401 3476
6175 4027
6012 18892
16059 6581
12453 14074
14830 7972
2018 8800
5254 3569
9791 5751
6378 19010
7009 4538
3004 1488
15287 7080
18206 5455
19936 1654
9094 15339
12288 15539
8756 7067
12793 6929
3210 17445
1544 5588
1182 5875
10996 8741
6671 16398
16820 13761
19504 19752
17135 2450
7477 14876
17832 3047
15154 17236
2247 5586
19071 17358
17136 13813
6791 17133
13739 2585
8188 3734
2625 13550
1292 1396
14118 3849
12204 9844
2266 2692
8798 14821
9645 8894
11354 945
2722 18781
9711 10044
13081 8359
6228 9133
18495 6253
16527 1390
9645 4618
15922 10735
13237 4088
18408 16061
329 15798
17242 4677
19860 8615
1368 16191
1719 12930
10352 17854
11097 13715
1972 10283
6457 5024
1247 8518
17148 15704
17441 17547
13479 11826
16458 3685
12052 15158
47 13641
2179 9023
10364 11599
15426 12934
8694 11349
9636 15657
10513 15246
1214 2674
15572 14700
15043 18521
11330 17956
10078 7034
10777 10041
479 13300
11622 17084
7093 9923
12782 2591
2170 7219
16248 6811
11355 2010
17668 11986
11369 12970
7361 16058
9169 1756
4972 5323
9008 8679
15609 12548
7448 19255
3080 11236
3251 3677
6679 9013
8961 15135
2030 3498
4100 14849
3581 12582
16073 11791
6622 7685
14181 3315
10066 3344
14622 19209
7737 9405
19869 6222
5556 13120
14568 2659
14732 7611
11867 3398
6990 451
9051 4511
16830 1516
9415 3647
17971 2812
18515 17443
6371 4617
7227 438
10598 12086
11514 11312
1830 4362
9336 11770
10391 4290
18868 943
13487 10952
18963 3957
19679 19588
2783 7110
19638 3810
18555 4122
19856 13600
7601 7978
6241 9231
19147 11145
17895 6013
3795 3254
7892 7719
3166 19845
7497 17529
1874 18339
13004 14542
9832 18157
284 11148
17819 719
1101 1999
17300 2061
7414 18812
16706 5880
5110 16943
667 18051
17016 19420
6145 15011
16529 12048
10001 7877
17825 19237
16178 11745
16385 14353
17531 15364
4426 10698
7286 10224
19854 19593
8121 36
4474 10642
13133 11740
7437 5831
12193 7336
13305 3978
9695 12225
594 4910
5226 10204
6308 3798
7411 7848
4710 15242
2970 1763
4463 3968
8000 10993
7294 4440
6525 3902
13424 5186
12584 13879
4304 15323
16415 1501
1551 555
12752 2086
12478 13797
19808 17076
7269 11658
1216 5261
10568 2133
13 5606
11154 11168
3689 17256
17373 6162
2403 14306
13124 13002
18635 2979
19447 9893
15897 17116
147 16032
16520 14206
6390 16073
14149 18662
14833 12381
15221 1644
16600 16218
5576 7471
316 16305
13217 15481
1379 18601
6380 3190
1815 14679
7210 11713
290 7745
15681 7580
10250 5118
5826 6503
5644 13917
16931 14052
18332 12724
16012 5839
19026 16142
14725 15517
4488 1495
3800 2752
7725 7256
1158 15294
5028 1406
16050 19373
13984 14514
10880 10872
19943 17168
14836 16077
14945 14262
8968 5263
2725 9695
1104 14996
16185 4198
771 5732
9586 6284
9237 10154
6728 1730
17870 14660
8496 533
19186 1499
8440 1949
19280 2306
13395 7998
17785 15088
17673 13737
12045 16237
13997 8628
5914 16701
2068 17516
371 7191
16569 11963
13129 11145
402 13164
17422 16134
16064 6139
6415 4507
18365 11608
18932 12282
5016 16702
4694 11637
18168 8608
2776 16853
9578 6244
15735 16109
4855 4255
3624 12311
8094 10883
17099 14938
17235 16686
16842 1875
12597 14604
7769 5321
16295 3550
10756 9044
18626 7469
2096 15646
9015 9724
11443 11924
13748 18718
2708 8067
10450 4796
9169 12102
179 774
14020 4881
11981 18847
631 2855
11892 5167
2992 15996
8633 10026
6135 6433
11607 16397
18759 9732
3333 2450
5850 15205
18049 14747
7794 14248
11012 17932
4280 16422
18863 4058
6234 1834
10442 10065
17106 5363
9589 5497
16007 13354
16682 14169
19512 16638
4069 3313
16405 5092
12052 11616
165 8397
6694 13614
7749 5279
18498 12060
9970 19230
1865 12170
8776 12548
19252 2067
19751 2511
1078 2260
14392 13607
2682 13686
5990 7953
13007 8587
5436 2378
6208 11455
8774 5148
6980 8259
7093 7866
3189 1370
11083 8843
5245 14870
17595 3044
666 10326
13563 10733
4413 16684
13853 11991
843 9551
3929 7528
11460 14949
5655 17575
4219 545
5123 58
4694 13339
15084 16929
17234 7042
11392 3185
15065 14561
2780 16994
12340 1509
6400 11298
8220 5125
7696 7389
13383 19693
2541 9128
12677 14306
11992 12884
4178 1748
5569 2685
4527 18301
7694 12725
3177 3431
13699 10047
4047 5607
6779 19096
12122 5912
5329 16804
4606 4634
1299 11966
11560 17694
14494 5882
19269 19556
5219 12598
1131 7156
18225 16546
15483 5441
14577 2982
7499 9261
4934 12336
13235 18648
7623 3458
7831 14908
17973 2689
7072 3522
11586 5794
1710 16470
13501 8036
17376 1408
7683 3981
9370 8031
16811 3124
1286 12979
11042 10023
19150 3820
6248 18328
18653 9914
7151 6972
12048 3380
18859 3729
13420 16931
11497 16481
16279 16974
16925 5714
15824 10196
4020 3149
9710 9743
19500 10869
15795 3118
15030 2900
13083 8144
8113 16929
2968 15546
4228 7694
1898 17172
767 15549
13668 7394
19464 3804
9862 1877
13374 16664
10285 2697
6880 5945
1780 11714
12763 9202
3412 15114
9083 14519
18791 11216
10420 17921
12150 10910
12973 8227
3834 5522
11076 1121
2955 10407
13882 9330
235 14268
15297 19016
12440 13944
7654 3823
1305 12362
223 7523
4491 3344
7317 3770
13842 1152
7578 17220
17127 14914
5977 4093
3425 18509
13109 2269
19453 4992
12582 11055
14392 1340
16584 9037
4133 14047
12190 4722
2394 19037
16496 19208
5751 366
7395 2658
2415 1393
18608 7130
453 19323
2528 17119
139 9492
12489 16175
7278 9263
17302 3024
19578 3082
15164 3880
16540 10007
1522 18949
4823 2965
6042 10620
15681 4993
7499 8427
18832 11901
2244 11594
7962 3077
1832 13811
7131 2551
8476 16883
4399 997
3164 19965
19327 5974
599 9343
14321 12532
17586 10054
6318 19193
7013 15108
4958 15355
8307 695
16096 15346
17028 6452
5433 11606
1239 8734
16024 4930
10325 1799
15549 3193
13140 6915
14496 1673
6686 12621
4784 7854
13949 10712
19848 11523
100 12013
11851 6967
19957 3578
19425 8296
6409 4692
243 1148
19463 12892
6698 4478
18625 3199
10135 14647
17532 13853
9299 10709
9053 58
12045 14547
11527 3601
15899 2459
2379 10672
12631 15793
14030 12822
4790 17415
8844 6705
8036 8066
4804 7106
2072 12089
11651 4731
5149 5512
18438 15323
2343 11174
7755 19904
16188 5339
19311 7280
9770 8146
6162 19420
16985 6316
512 7930
2444 646
12887 15538
4377 3161
8372 395
7892 9146
16712 2921
13075 17865
19231 15070
2664 12415
14874 10068
17425 13934
87 7069
13851 18314
2840 19597
8425 4601
9777 9291
5462 13412
17296 17148
1414 10992
2312 13349
17515 19958
6497 13673
14803 11277
19025 15661
10760 13723
7117 10871
5256 6824
1161 10929
14911 1216
11738 4550
9696 16366
19552 311
3277 19796
16126 5659
9538 14189
3021 6516
1693 9207
424 3775
17536 13376
12154 13120
4631 8027
3409 2799
12628 109
10079 10337
16382 13570
13953 3636
13187 10042
6892 14539
210 8744
8825 13611
4045 2772
19374 13776
3360 4386
10986 7406
17703 15416
12640 16556
10806 10583
15099 1309
15352 6168
5645 15503
11210 11227
16344 4845
5155 7799
19011 15248
15337 7217
16793 8469
5949 719
17415 3241
15100 7634
8867 12841
3667 12788
386 12668
15549 4338
14994 16185
12179 19574
6315 10492
9707 716
2075 3840
5972 15316
9390 6541
16194 6615
12864 4027
1245 8027
15511 6211
10454 2924
14637 10853
12055 15980
10076 270
8736 5540
10565 552
13165 7863
15527 10300
8958 3516
4166 12006
6219 13846
1553 13288
17617 11126
12223 7534
10907 19851
15835 13874
16856 18641
6575 14976
7733 2263
8217 17778
10850 11559
10157 17097
4050 5374
6218 4926
15650 13069
17685 19307
19994 8806
4740 5777
1615 9502
16380 11730
15950 17193
17896 9382
2578 3554
7110 6627
8207 9371
5829 16677
10890 5023
11360 17195
4428 9362
14417 17540
2482 13846
14398 8752
15582 6401
10755 15111
1078 15184
49 18329
5977 16279
2313 5907
15709 11338
17447 3679
8039 1263
12639 9235
10663 250
5176 7728
13471 10873
11525 4425
12016 15354
3176 9469
17437 10755
2507 19398
19878 6555
7808 17331
17408 11943
15593 19083
499 7082
10474 6026
13315 17759
18117 7199
17382 16000
5175 2894
650 10623
1605 19923
5527 11139
15404 14763
13148 6037
7540 14944
17965 12194
15760 11343
16697 6004
19923 4441
18707 18788
8677 6155
1119 9161
17516 5483
1259 13234
1657 1033
1459 19879
3663 6371
16846 2786
15394 5190
5412 3593
16572 12444
1468 1129
18191 4888
8558 645
7951 19860
15949 13878
7047 4705
4009 15891
2903 10859
18111 17861
810 6435
18137 6335
18937 9044
11212 8930
15794 16618
9012 14073
7026 18174
17788 18090
19234 18729
9187 16793
2575 13000
13047 699
991 11041
19482 13110
19193 15654
16950 8498
8876 16165
5392 4994
3177 16100
9115 19254
17998 13297
12783 4562
11571 179
15698 3769
9525 9183
4485 17496
1721 13748
2375 15023
19243 8814
4454 356
5190 16432
12584 9220
1302 11869
1123 14044
3936 3515
15150 13496
17556 5922
6589 705
11652 19470
10441 64
7867 12434
13278 16303
8139 11657
9207 11554
1771 6531
14731 16166
19614 17695
3216 7316
16908 16599
2141 15741
2852 5030
11857 5451
14585 14704
13293 13840
16027 6211
13828 341
7885 13855
15543 10643
4176 18390
18065 430
2693 13122
9478 17710
12145 569
13038 16041
17044 16627
4893 2281
2933 7090
18576 11978
9179 17432
5732 13125
4302 911
9334 4685
9693 2320
5629 204
11571 15160
4065 8729
18181 18501
696 5416
19451 16495
19832 2374
9750 8259
11186 6687
843 8785
15290 7000
1816 2541
8688 2666
15468 618
12195 154
16549 9521
10480 10310
16236 5169
9269 6972
19374 19141
7691 12602
6227 5924
7565 19765
18917 9654
18907 18682
4187 6792
11473 511
18774 7180
5862 3648
1432 10108
14510 6032
16515 14288
12858 303
18041 11054
4028 626
10290 8633
16552 102
11227 2005
3990 5896
18445 17640
17748 5570
13796 5317
19941 2576
2537 274
11845 1463
5557 18077
15334 4086
9122 11902
19565 16921
5598 17327
13332 6608
10731 13256
4616 15897
18305 19279
3238 5431
11409 9529
9927 18117
11013 11036
15694 12340
7206 10597
9093 17839
6192 18331
15777 13814
17024 8410
14666 12674
16051 17812
8155 14789
4200 12542
9948 19743
12443 7368
13424 17769
14210 9934
15912 1425
9976 13036
19769 12030
18909 19832
9896 7967
5213 15983
19103 12707
2664 19946
17711 9228
19856 8093
1809 14502
10804 4844
5809 12801
791 9667
9237 9801
5744 2589
5141 10814
14905 7755
8086 5956
1212 641
3353 2635
1554 18635
15827 1495
9930 17044
6959 5778
10568 2951
11283 6038
5169 17900
131 12265
18700 7039
9540 13664
1557 7158
11750 12703
2388 8929
5295 4518
5529 19732
7348 15349
9741 12578
13812 14408
10814 13956
7601 12433
19627 18809
3598 17157
19349 4401
19989 10991
759 6499
19970 9491
13006 1058
15288 10484
8663 2526
3623 13211
6532 5922
5515 14471
3433 3980
13366 14422
17080 2968
4978 8591
16143 1167
7151 4587
10737 2558
1072 2123
16828 14914
533 13169
11421 6273
6447 15404
1907 6692
6722 6625
2559 3206
9216 341
3951 5076
7344 13521
16913 13716
2812 6317
11678 17052
8062 532
14970 1668
2158 8730
13073 17688
18203 9089
17263 1170
17782 2443
19517 16692
18519 7451
1028 8823
4515 7407
13817 5363
6238 17946
16590 17501
6420 18726
10037 12452
11525 4172
3849 12678
4587 18426
18006 2455
4518 7906
14285 17316
19430 11195
10398 14849
17062 10486
8846 16322
4144 11358
15287 7786
8282 18449
7131 16609
10943 13359
2049 14761
8153 18171
8238 3756
16730 3004
13513 7773
18182 9284
8692 1294
19838 11743
2250 5490
13365 11634
7817 3629
4483 1250
13889 9937
14546 5550
15965 18626
14564 10563
5352 222
5326 10178
5983 852
3467 3063
10893 16812
12655 9660
13302 1519
11485 15541
13846 14880
15260 1915
15053 6113
7527 16631
6953 10238
9034 9787
3590 15751
16735 6868
9179 6363
3539 19329
14818 13270
654 17638
11895 16047
8759 14989
16705 57
1600 11292
12326 16173
16243 6463
8386 14651
7864 9679
17152 19139
3782 6974
5229 9118
1397 3368
4145 9444
17750 7758
10274 4229
14601 18827
14748 18950
12269 18505
17425 9438
7889 5826
15477 19345
9322 8531
16777 18698
4643 12323
11034 15307
8956 8450
17492 18109
5202 19100
17030 6894
3727 17093
8594 6434
6539 11423
5201 14680
16516 3468
3075 14474
19259 9981
19016 6141
5862 18501
15726 14350
18548 8375
2556 6816
7949 16337
10041 14671
10737 9422
10564 4757
9397 9965
14637 2639
2100 17541
12557 1774
9980 10925
14526 19076
1534 9479
8883 10010
19436 7879
7681 17411
13772 10659
1623 17341
17479 3794
2243 2631
4749 9392
8213 10129
11191 16509
14793 11216
5780 6245
10704 6842
8892 12458
15058 18068
8184 808
18518 1056
14672 8306
7451 1462
4987 3139
7619 17347
12688 267
4833 2017
1361 2146
3965 8601
15394 5872
14893 16720
423 8182
4157 8254
14827 7943
4527 14008
16047 12099
11152 15971
1099 15558
12613 923
9322 8049
7946 282
17235 1747
6575 18367
10303 12280
17113 6702
4492 2710
3114 5455
11682 15206
19088 4834
17305 8298
18520 18998
6046 9005
7087 12978
11997 18550
18926 19125
3329 18021
1557 3768
18401 6021
5921 17055
10127 4224
12043 19339
8521 8699
17896 6042
17503 5008
19364 9549
1389 3244
12520 1507
8920 5581
15986 11778
8243 13343
737 1370
4959 13214
7489 15794
7179 12929
7674 2597
6436 5626
3015 2237
1411 9035
847 14983
2586 10748
7579 8205
280 14051
11062 18182
15941 160
14155 18483
7158 2144
16393 13002
535 3445
18405 5902
3377 9613
4643 2976
15101 15727
3952 9382
2336 3939
14657 7231
17869 15679
11094 3134
12917 11300
1895 10669
14636 16238
6831 15563
16357 17314
18652 2473
16724 15313
19120 1387
5714 777
4307 18953
10488 18744
3224 15466
2063 5159
6003 11752
4992 12782
13066 1885
6572 17629
15143 7425
9514 8346
15463 16788
12596 10367
10091 9407
17510 4333
10144 8478
6918 3937
473 18387
18680 2244
3433 3319
14298 17479
13466 12095
5775 9388
8490 10921
4453 15495
7464 10537
7787 12932
10001 7164
5617 5978
3520 17669
6166 12062
16214 18541
13821 9674
9940 15548
15697 526
6198 16359
12033 5217
435 11957
16687 16812
5227 14303
18293 19920
11210 7538
10090 4240
6179 7880
6998 987
7387 13429
12225 8230
19827 19259
12462 6893
14154 15436
10721 2999
1939 16032
8895 3731
13022 5750
8321 4979
10047 17389
5957 16252
8587 8226
6206 15191
7801 6246
4003 8397
16192 8231
3459 17866
19779 10833
18178 13072
5872 3096
14317 7563
4665 4250
5493 15926
2967 14165
9867 2056
19656 15518
14034 2912
10816 6472
15791 3256
14026 10638
18425 6387
5897 7058
2842 13430
14700 7167
10708 9515
819 17937
11660 18983
11757 10833
767 13752
15554 4743
18582 19078
16738 7707
5435 19154
2294 7049
14091 1341
11654 10434
10434 12308
14332 1397
10534 11939
11584 2061
14288 1613
14351 13044
750 12274
8753 5955
8333 4713
2515 17436
14265 19577
10984 15339
11992 17816
9751 17435
2669 13663
12409 960
7430 1691
6611 7309
10842 17099
19331 406
2745 4090
3115 19497
15642 1074
19136 17580
17832 3369
19948 15178
18728 14214
5135 5856
12057 3074
16414 4642
5126 16628
15226 13429
17885 12252
5539 8492
4200 6432
7277 14368
9603 11262
11707 15688
14665 11028
19116 13905
1280 7841
11217 19448
272 404
6009 1452
13096 13195
1163 17021
7824 4713
13536 9884
10191 12891
7022 4349
4143 3403
8733 4589
3172 12288
4333 1637
13645 18164
17414 10804
4411 1310
14871 10840
3155 6947
540 12761
19290 8295
2697 11087
5609 1342
7550 3140
16514 17699
478 3054
19272 14555
9517 6369
6651 11425
1471 18306
4128 12272
52 4267
3028 18529
17551 14626
2068 3657
16815 17548
4130 3087
8687 3332
12534 14766
1545 1720
1631 4964
14247 19619
235 11631
1491 864
3224 13282
1528 11920
16602 5284
136 7839
4351 17321
11898 11324
1605 15990
10106 4407
8016 4638
9941 7041
17578 18942
6151 19805
16789 1171
6000 18960
11692 18706
1095 11274
6157 13076
7504 3279
8723 4653
12638 15068
13361 15084
19467 12263
740 4674
13904 1443
857 15126
19564 14109
5375 19414
5631 12167
18545 10008
18152 3962
9296 4317
12884 4036
13899 11881
18647 2076
18531 11731
14185 6939
4152 10296
18634 152
2294 10336
15960 9972
9664 19588
17116 1857
1933 4186
10172 14117
12614 6369
18269 8549
1657 18592
18060 15014
10174 16886
7118 6215
2680 5146
7845 4322
16277 9019
17509 14645
7412 3135
19314 3205
11149 18677
17774 4849
5353 19608
13167 6443
2722 15358
4481 15746
17322 15374
8011 693
9083 6646
19650 6126
19655 9187
12906 5409
16094 16401
11841 2907
15034 17384
8334 9947
9327 6415
6489 11709
1562 11249
13499 5352
4448 16295
15887 750
16742 19357
2844 14367
5200 1340
4206 14079
17998 7176
19670 8157
3115 13183
7937 15180
6368 11187
19749 3281
18107 12949
17152 6937
5023 9780
2830 17411
4076 11716
7974 18990
9250 18209
14920 7333
8672 18021
1642 18506
9530 19852
9230 17729
1356 17199
10563 5352
14362 11061
18686 14264
8894 12303
16749 17722
4468 1852
17884 19488
2437 1381
13019 19202
15029 19705
17388 15081
5312 10871
2364 3312
7573 8745
18259 18935
15679 9883
15858 16520
18177 1570
19702 10617
3187 15130
14521 5765
13616 5972
17730 3697
3764 1274
5502 1489
12086 13853
17725 8486
1701 16455
7991 12195
10171 4562
8797 13676
13147 7773
9248 11558
2662 19949
12825 418
10172 6472
16131 4090
6893 13386
6072 7335
9533 7610
12516 386
8226 26
16264 9999
15283 3977
18014 17960
8316 557
3031 3381
9363 19012
8348 8684
2820 15738
14581 790
9326 8506
2813 18863
163 13956
18529 7826
17316 5839
9180 12936
18024 19086
9738 14841
9465 10530
1456 16837
19171 10918
3085 16452
19827 4855
10879 2026
13290 15409
4037 11596
18010 8305
15544 16207
16441 7039
14925 2659
4624 4646
19045 11744
4797 10521
19805 17189
13712 1353
13534 7797
4289 14140
15803 704
16276 6171
7575 7188
2812 11991
3832 14127
4068 10588
4194 14020
16623 17364
16571 14335
17759 14960
19504 3053
7577 14563
6592 1371
8647 15082
17315 16868
12836 1410
2533 808
8036 14948
94 11816
13703 19707
6212 14797
3426 15473
1693 18788
15205 15916
8550 304
5657 13953
12207 9805
13084 19326
7224 18059
16147 14009
10379 6451
9818 9977
13917 729
8367 10795
3928 11166
6328 13594
4067 13832
2687 1236
3189 7408
1006 5808
7004 7908
18739 14050
18466 19711
12699 12933
19364 5457
14442 19329
16481 9640
9299 1541
9668 11170
5814 2450
16312 8669
8577 14138
6964 18962
6731 12059
10206 13997
2892 13169
11418 14322
12760 16925
19668 18314
4435 640
9744 15493
18211 11401
2208 9531
12627 5625
3362 2013
551 14279
9138 1497
10330 16903
2184 4113
11312 10787
19808 1713
497 3011
1906 11494
17652 12512
2685 7057
19911 6972
7703 5012
3682 14996
18640 3546
11654 7955
12223 19761
5730 17783
6859 11132
2938 7154
759 13096
655 16683
18757 19569
19946 120
1494 16092
11374 3007
10282 6352
16325 2845
3721 11968
18727 9554
8009 12746
16960 3843
11904 9978
13831 8101
9406 18929
3689 19493
8500 8302
10054 8177
2673 4252
14581 14926
3409 4438
18761 11868
16530 3639
13425 17702
12953 16611
17961 4437
15362 16146
11075 16559
16273 4730
8005 5515
92 6686
5285 2483
2041 4393
13470 10627
193 6937
10677 14386
3361 12453
15370 17823
7215 6463
15484 16636
3767 7683
2840 19184
5221 10036
6703 716
2203 15030
18427 1951
18527 2205
10312 8280
9868 6988
16128 9066
2137 5105
18171 17864
16828 599
16328 13875
5246 530
18270 2521
11278 13608
6759 8764
3238 12291
9944 10646
19351 8275
3638 12485
18526 9866
10714 7260
18356 16361
12116 5961
15658 19357
6382 18005
1343 3819
10180 11302
1070 12780
1021 3142
15881 18684
5147 13828
2863 11694
8515 13781
4947 10689
16898 11849
11017 6187
12266 7647
2806 16132
6981 3964
3414 15235
4732 6620
3778 6481
17736 8661
8078 19453
3417 3322
6788 4270
10569 15968
16998 2248
4976 9028
3577 14766
17530 15930
11955 392
4045 147
3476 6951
5328 13667
7718 10032
8471 5559
12632 2314
15919 5796
3015 19150
7551 2053
10566 14985
12818 17966
14658 2493
14949 10151
11970 11710
7269 8278
15231 19980
12905 7571
6621 5200
3417 6356
19704 4615
9401 2596
15309 19356
6614 2840
11394 10908
4904 14624
4665 9894
4020 9050
2636 19824
10342 14152
8781 8875
11611 11607
10581 1289
2946 19465
10525 6676
6758 11765
13486 238
11594 12301
413 9890
10512 4216
17902 17257
8315 19747
15960 18699
8724 15147
12157 19808
7575 14642
9380 12209
6156 4303
6498 5061
19990 11742
16536 15285
12717 829
5315 356
12119 1926
5024 5389
5963 7644
1815 12295
8959 11692
4283 2936
19005 14138
10541 496
797 230
5632 13695
7961 1923
18139 17014
1055 11310
5104 16738
18102 13437
17746 17447
6763 2278
6988 16454
12817 18146
17400 14748
18311 17411
10959 2159
14558 16111
17863 11744
112 17894
10685 3791
11886 3700
238 13400
8821 5696
16811 17233
11770 11191
8791 4825
753 3602
2203 17761
1279 7045
19336 6040
15127 18667
12340 5137
7801 8617
8613 19527
14801 1364
8756 8871
11941 4052
5017 11581
11111 17684
18414 7156
12222 15152
6082 13457
4480 16458
6901 17995
5750 15976
13114 13358
17413 19167
18342 6043
13966 6921
18358 15259
1545 4500
9915 13670
7631 9078
5092 5586
5357 4935
13873 9765
10197 8602
6033 13777
14220 17600
4936 14797
3680 5881
10453 17719
19397 16686
15978 5645
6200 9256
15398 10102
17648 19669
9870 8721
15311 18068
1388 6686
8076 4620
387 14887
16276 4792
17997 2508
17859 855
65 14704
19412 11022
9709 7036
13503 199
17895 17500
15664 17079
17429 14290
19257 1128
14751 2798
4525 10005
16044 8954
9342 3051
9434 17606
13473 19698
13429 14475
5614 13002
13239 18091
13032 17978
1286 14184
17322 12010
15910 19143
16628 326
13204 1442
4589 13399
10898 360
19361 15066
10328 19833
12258 10304
12803 1955
14838 9775
43 19419
5755 14651
4884 9107
14213 9655
18043 68
5588 14877
19540 8277
16571 7660
9190 17878
2149 4649
19645 3988
4794 11133
7545 15705
17430 19855
13626 9607
6053 14712
976 3818
5329 6123
2186 10627
1069 14281
10707 1688
7148 4148
19544 3970
11276 1732
1231 16937
3956 5071
17103 1830
18034 5289
948 2456
12439 13202
2420 13570
13028 5183
18945 17701
15883 18326
11379 4183
3996 19422
8283 5205
6934 4882
16453 12840
4930 19429
11207 18293
3766 10260
18948 40
4877 326
6645 1039
6312 9499
18115 16873
14499 15604
5406 6465
4186 8636
15028 14910
14524 10973
3462 4009
12937 13983
14109 250
15220 17133
8695 12269
291 9593
10207 221
1048 6249
1513 18046
8998 184
14097 16260
19630 1885
14721 7690
7950 1777
14314 1489
19163 17174
3035 1784
8181 7328
18196 6501
3431 972
17627 9158
5424 19609
38 1866
18554 16778
6107 1271
15839 8604
9235 10883
10604 4184
3310 12959
16555 15697
16322 11085
18251 17604
3298 576
7693 11896
19780 8017
9547 2072
7953 13535
17465 2386
1520 9797
17026 10856
12570 278
17039 14651
3923 15991
10226 14662
13816 14670
16773 12449
6322 19291
9800 17191
10466 13857
476 2894
3839 3543
12342 16816
12299 3576
19335 8920
16438 6612
71 19146
17543 11964
12145 4382
1108 1622
14516 10235
4264 17856
3486 14068
5056 15068
18349 5213
6085 4593
16486 5891
2802 5335
14484 12095
7628 15373
1808 7508
5063 10121
16617 15542
74 11131
9512 4656
12334 16294
10312 10331
2220 16997
15412 3455
11026 10684
8803 19303
17435 8312
18596 3942
15082 15347
12628 15560
1901 12251
11728 17120
945 15790
7263 13669
4531 6048
10778 2760
8769 15699
17864 19641
3953 17842
15826 10247
7773 16663
5289 14455
12946 1166
19578 9721
8614 6428
12518 10881
5734 19087
5233 5784
10692 4181
15624 8387
8510 19019
339 11035
17247 16390
18431 15875
18594 4223
18285 1704
16168 1719
14999 17022
2608 13002
4070 2646
9387 8512
9079 17995
9063 1620
5979 13961
18757 13394
4681 2296
15745 11949
19819 16509
1295 14477
6882 2512
17297 9869
17350 18585
11693 17698
17039 3726
3379 5425
15550 11011
14980 19805
11522 18364
2800 10773
8360 2926
17225 16511
18126 17240
14019 16910
7543 15525
7178 9315
9291 6560
7398 15225
4304 16026
6731 9524
16276 5659
9594 14868
8307 19114
13097 2984
13435 5228
5495 11969
5732 8146
594 4033
6715 10810
18076 11710
3010 13368
14925 12197
5535 1305
11576 9268
7883 9420
17845 10138
2188 17287
8380 653
4420 19386
5104 6382
7884 18860
14996 19445
3638 17660
5566 11324
19607 17848
17526 456
16367 8896
14371 44
16894 14067
12013 16325
19991 5296
18067 437
12707 10455
61 18063
15721 9518
14563 10181
7510 6815
5109 15567
18028 15457
15825 11051
720 16952
9760 19121
2879 4166
6189 14099
18645 18954
19555 7885
6428 17196
14184 14220
3071 13390
3573 16405
10776 14593
766 17607
9627 9191
7258 15154
18479 9852
11830 10627
10075 1980
17858 6114
2404 19069
7923 3616
17662 14615
7868 19419
2608 6557
9020 8124
19670 14704
6868 2078
6854 14212
17270 11117
6318 8876
17146 14785
16425 6874
5592 14653
10143 18551
13502 17841
3864 10951
5029 14553
15013 6993
12606 12198
14286 8588
8724 16571
18894 12402
2330 6640
6897 14627
15436 13590
19535 6809
6414 7121
18372 8632
468 12356
17195 5552
4879 9275
14719 19247
6905 3262
13558 17083
15563 102
3279 3150
15052 11706
10980 7879
7183 19870
1501 5864
12960 14524
1195 2227
19302 222
4128 16705
15938 10032
17645 1641
9601 19521
15438 15110
7929 15181
10547 13680
13839 1445
18187 10632
2655 8338
8860 4930
8900 7840
15879 3858
7409 1221
18280 17924
14307 1857
10017 517
17394 8491
9405 16751
12606 2385
18974 16037
13492 8526
15215 11138
13996 15788
10119 12834
1364 13884
2010 13753
15615 15980
1840 17577
14758 14983
2931 10501
10848 8831
17111 10711
10926 5492
8226 8593
9075 1934
15235 5500
11036 2981
11384 12123
11222 5752
13411 18843
3475 3310
15294 19948
11531 17141
14758 1153
12924 12300
7548 5625
921 1289
4444 17538
3105 3190
19048 4161
12338 13072
556 17575
6085 13391
5058 15362
13487 3841
11354 15914
16030 19067
12817 18529
17333 4665
15549 11012
10299 11045
4886 18277
5761 2045
7242 14228
5770 573
12351 6235
6786 7097
12174 6569
3286 8453
17020 8404
10707 4252
6913 5347
18109 16042
6766 12919
15597 10451
17638 8002
19290 1661
13158 18009
17504 886
141 5369
5812 10908
5496 4887
5780 2273
7698 1652
12437 14407
430 5370
8903 19696
18450 3367
3112 11492
11266 18963
1197 8020
18938 4520
14849 3357
6123 19199
5845 3899
5411 291
19959 4178
9078 13982
14564 19395
9584 6482
19529 3726
3427 9707
9358 3213
450 7001
6041 19986
1218 13923
16722 581
18815 16644
18012 5295
8194 16303
9699 7782
6179 11442
14561 14526
18271 12683
18171 2355
14606 3839
2777 8811
16719 1942
12782 14988
9237 4962
15791 13350
16156 10489
12877 14101
69 1260
4432 12786
14527 4108
13859 19159
4651 17766
10378 12695
9178 11955
14336 3709
8330 5247
13657 680
6186 12438
8470 14165
13704 13520
12430 5607
9088 15778
13904 15367
15901 18192
17916 18478
16126 2990
10660 18903
5335 13083
12360 3471
174 6071
11404 15242
4585 5610
2938 12658
10478 19146
8461 15671
11032 17389
9490 2916
347 15342
7982 15054
1886 17329
8957 18548
9934 9163
6638 11443
3264 19467
4436 8124
18260 9112
11243 3538
9938 2836
11723 9072
3609 10357
6701 12023
7411 15601
1245 18517
16436 2170
2644 15795
12949 10756
18273 13893
13936 9935
14186 19091
17218 5628
9300 11847
10407 16474
17154 10541
13163 2470
7477 18940
2558 12460
3199 150
3766 12385
15001 12669
13879 10689
5183 5239
5334 9881
5339 16325
7253 3964
8222 1349
7949 10287
13193 16202
19903 11369
6776 19126
19718 7317
5070 14662
19863 2694
13192 13208
6478 13049
8380 17593
8067 15774
8066 14127
3580 7569
1925 19758
15242 6508
7840 19230
1397 10555
15689 16556
7702 16333
10003 3663
11215 12078
12805 15714
1223 6902
1300 17399
3109 4856
11606 7415
7105 16746
19340 19351
12489 5261
10628 16400
19593 19683
2979 4576
16923 15317
4480 4528
18772 9726
11890 5586
9892 2973
3458 17336
8093 2283
693 13782
3119 2903
14788 13106
10659 6381
18045 12026
14105 5113
8409 17948
13426 7712
6076 14370
521 3604
15165 15424
13442 7238
564 13956
8088 2373
10309 4227
5283 5150
17243 5093
3594 1002
206 2421
13808 4909
14624 10551
9681 7120
15129 1774
1389 17183
8730 10056
3049 7978
16029 686
3750 8393
136 11027
2716 18428
8182 9233
13554 3679
18691 7562
19968 7558
19599 4844
15885 19023
16331 18681
6654 11244
7083 2121
4755 2303
3363 1852
3446 2905
17831 5326
14788 8051
8607 2819
14730 19697
19477 17042
7217 15670
8802 7728
1743 6445
16445 1529
14332 5877
17645 8587
10618 4547
15534 6294
11523 15148
9876 18071
16959 18139
8593 10373
11056 12914
784 14676
13606 14776
5205 12870
16730 11291
6530 4253
13215 2891
13250 240
3541 2096
15675 8930
2296 13316
10250 15847
11510 920
7313 19433
8361 17100
13376 311
7803 3028
16184 11838
6809 16924
1025 16160
16296 841
10173 14746
19192 14352
3833 15291
18705 17776
10575 17920
19513 193
8039 12779
16453 18203
10519 18384
10180 250
19076 15522
7379 18291
11948 5004
14266 13700
18277 19265
16460 7499
6540 7569
15723 6390
10607 12492
4667 15488
10952 1388
4169 6305
6284 10724
5106 4210
11802 3412
5913 13473
4199 9727
579 9950
752 902
7842 1581
10020 11147
1708 5080
5102 18663
5814 13558
6872 19086
9763 14285
4275 15850
14210 18392
1477 11143
13336 5044
7590 8361
18258 1457
13654 12428
12994 17112
13712 17852
15808 5602
2064 6063
13063 786
17160 13359
157 5272
4092 18692
4676 18702
12288 16571
601 936
12755 4513
9223 10947
10097 6753
2330 6069
18535 16348
16358 8243
8300 6334
12318 3975
9007 17259
15686 2964
3 13194
2847 16696
4184 11248
6276 12762
11417 10638
9303 13290
10436 16522
13154 16558
3976 11097
3886 9737
904 9872
4894 7674
1251 14555
11880 17725
15270 15662
11467 13857
6065 7732
2109 4614
16804 17951
6476 18980
18184 15020
8238 11808
9553 19257
2926 6164
7983 17212
2548 3824
3580 14493
16663 7104
6473 19014
8826 5316
1131 13568
16631 7360
17089 11374
6017 8317
1630 11195
6073 2367
19612 19637
19268 16971
8389 7398
3838 3954
1638 13540
25 2015
4924 7247
19911 2107
17961 69
1790 2280
13763 13337
4328 11770
3287 5181
3220 15475
15650 9520
13599 19433
8642 15426
15166 5518
12014 19407
3793 9274
16883 15463
13335 18687
18619 8158
4418 13629
17701 2503
3177 5846
3266 1083
12237 17545
7497 3686
8662 13019
5442 17547
9167 12190
4534 7408
1586 7575
816 3722
13393 16882
14743 4618
13030 12295
18462 12681
17842 14501
8583 1091
13634 4569
3703 5365
15158 10055
14346 6711
14308 3020
4465 10921
13321 7159
18288 12756
4039 8785
4043 9947
11039 2197
6987 13217
6416 13745
8145 9139
7073 934
12315 11168
1527 12960
19136 880
2616 7335
4409 16186
4862 3568
15342 6255
880 19371
3044 3856
19864 17433
18330 5043
13025 11560
2787 13362
5778 19780
16041 1167
4574 9030
12325 4192
7413 11112
14660 17151
1451 2843
13369 17962
18493 14650
17141 16068
19789 1372
9499 16378
15202 16579
11242 14520
8640 17483
377 11357
1600 11352
14988 15154
19733 16282
1681 8311
13510 9333
12442 12223
3423 13208
16178 8628
12556 9029
17669 8726
14966 17229
6315 2343
6967 1183
9803 8630
262 18903
3717 7031
789 17003
7079 12682
15208 8078
15991 13933
18170 17771
12748 11350
17805 10990
16218 7332
14319 8121
10749 13390
17148 1529
5527 8186
9817 239
14034 13554
8459 6439
4149 18051
9900 1246
13440 7970
8279 9207
11321 4288
15354 1044
19987 10691
8982 2429
19457 12588
16677 2881
18508 9948
16741 3388
12959 17824
8134 3901
15489 7598
2084 12642
7060 9239
3354 17944
9022 10314
17188 362
7101 10997
19103 17873
13741 5997
19049 10202
13615 4104
18883 19673
18663 3963
2664 15450
3626 724
12988 15608
787 2383
13373 7252
3541 6888
16664 8684
2379 11529
12495 19643
14038 14637
13011 5703
4802 6305
15409 1175
12319 9589
12266 11155
16806 6611
6202 7896
2150 4965
4114 9221
151 9034
18043 17451
7047 18079
4658 6162
461 18389
13421 9060
7022 10310
4698 10340
16206 12628
3370 19159
4267 16574
10957 12153
3690 19627
9848 7446
8171 15311
16884 11147
939 9376
393 13116
15057 14997
4697 2559
18393 10072
9195 6041
3042 18205
5282 573
9269 1647
3740 2661
7386 9228
7607 547
17508 5240
1156 1359
6751 16271
14281 7467
6184 12120
3394 17075
15736 4247
4905 2918
14263 595
5404 19932
4089 19169
13852 7809
14622 14405
15432 7642
7991 10171
14114 3141
11189 1118
11584 6443
3791 169
3868 16069
18124 14059
3794 357
19592 1172
17386 3528
8907 6264
15340 13502
5074 15269
6940 10698
8246 9992
3053 15265
4950 7296
7344 6551
4673 311
345 3057
6437 208
19765 3771
6741 6258
12212 2450
16138 9168
16446 15298
10693 18106
16349 9449
6730 15364
12995 4761
12507 4244
9508 4656
18838 5583
19854 13075
2202 16189
3252 14110
8490 8542
9618 8457
3296 5244
18237 16554
15554 3999
1823 12138
5308 19319
11175 1899
13531 5664
11855 17024
2193 13428
13594 10651
6101 3912
15612 1579
14603 12384
6567 9074
819 19334
6574 6200
18860 9198
525 19833
15344 3119
6901 4339
10540 7706
14310 12915
16594 5304
19219 5641
15545 2937
12600 6556
18217 16885
10726 13373
6573 17734
5851 12978
6770 16828
6253 3395
7855 19148
1897 8671
11997 19982
11936 16950
16067 3124
3343 13998
1594 6905
16121 4529
10298 982
9903 11896
5852 1638
19159 3091
8967 6221
9807 422
2574 8415
8721 13885
16586 5159
9434 18924
17647 3360
2282 13156
8241 19919
15305 12594
1672 2144
3401 12989
4709 17280
7566 5172
8024 9660
3457 14566
16079 1916
9130 14571
2760 2699
5462 1090
16773 17525
19582 11175
1736 1663
11609 2662
19869 4368
8017 3591
15346 12317
1180 10344
3600 6748
3937 1614
6261 3609
10470 1714
7929 8917
10356 11167
10564 12561
11349 5140
4095 2958
8240 990
17670 12250
10125 15065
5006 17126
6440 5834
9424 3908
13330 15561
9385 18193
16245 15935
3764 19128
12074 14412
17549 6293
14708 7528
13339 3228
1621 14996
1716 5784
5866 14167
14480 15752
17806 18238
18734 661
14020 3616
6907 9154
16947 11882
18114 8007
8198 10082
9561 11661
10895 9373
3267 8021
1942 16553
2965 5340
13853 5590
8824 14131
17568 6993
13486 15381
2609 1707
1947 11699
9039 13192
19906 11613
16827 16454
500 18852
2582 5998
7676 8269
11031 6030
5993 7936
19198 5727
1261 13013
14927 19942
14169 11121
8207 11500
9953 1251
3701 5030
11141 18664
5957 14279
7549 16728
4934 14957
7959 3357
18855 3365
11280 4448
13773 7412
11503 9663
14848 1124
10391 6911
13009 16297
14592 11061
12491 5714
19751 19695
19681 11176
13195 4119
1765 6560
18891 7396
4876 1234
3644 12807
15751 2366
1859 5946
18332 6022
17726 1564
17338 16413
8280 2305
14516 252
18566 637
10077 8912
11019 7577
1800 4904
5158 12210
7330 11187
827 4534
1376 1916
18479 10835
18871 11437
13368 15575
7555 14719
7028 16677
19044 6856
9018 2145
6095 1883
14726 5101
5661 1876
821 11614
12186 16142
19034 1104
3746 17288
10998 12641
14746 6057
12196 12112
13284 19
1397 5033
18656 2595
3495 17660
5110 8320
8276 15126
1591 17877
5409 19468
14083 12146
16809 12689
7066 8365
11565 434
3674 13468
15704 10371
357 19758
19369 6041
1125 16313
17324 11717
18932 15854
15222 6728
7307 1276
13711 18752
14021 18657
5185 4702
10424 4273
3882 15166
4987 11976
19018 13735
17700 4312
12813 6096
13116 5797
451 5447
4192 10036
7483 540
6487 3691
1597 601
2869 19801
379 7404
12548 515
4397 8910
5097 15075
15845 1212
42 2682
16974 5892
5673 11894
19671 18473
16933 8262
17804 268
11542 169
17317 10747
15957 9171
5585 10438
18349 5588
11145 5405
4450 2738
17689 13534
3954 13889
12071 10106
91 4876
5103 15577
13060 2276
6016 2009
19200 2171
16742 16246
12092 7720
545 7735
9231 5109
11014 6783
18463 6945
2093 5089
2097 9737
17548 4540
13375 7829
19163 2561
9982 13
16961 12691
12289 17012
11880 17629
10258 8112
11559 18621
12214 13469
13315 19863
11173 14945
4859 9507
19940 2801
12936 9864
14922 18179
12837 8613
10373 12031
17607 10041
19776 19992
14767 808
9100 9657
10508 8243
7874 11862
16567 818
18334 727
13370 274
10346 18630
4530 2744
10366 11709
2425 2283
6393 9112
12328 14345
17686 4918
13441 9071
17969 5530
9190 4613
13889 7264
16261 19311
6710 9022
2134 18145
4527 3088
4206 13708
4735 3496
10153 14840
12035 5851
8761 17104
15985 5096
13239 18428
3878 8446
14910 559
9715 9548
4135 2344
18059 16894
17532 4409
12797 14644
15713 6476
5120 17184
4231 8320
12467 143
1860 3289
10795 10040
15004 19363
6155 12332
14771 16844
8436 13361
14125 14113
46 5543
6531 3236
15365 17115
14651 15797
3012 17860
7883 5951
12283 439
927 12497
7538 3313
2069 4676
9896 5727
19484 7436
14312 7791
16638 1061
11866 9452
13728 17353
2100 971
1110 9960
8264 14508
2801 19984
9541 1511
3381 9659
18635 13821
10009 16672
530 17770
2773 9617
8839 20000
11211 1107
9794 11340
2608 19216
10793 805
18548 10229
10337 15626
10196 6064
19261 5174
19921 18297
9363 6774
17137 17338
4831 9598
19586 144
4339 9181
17825 2704
7221 19595
10284 14635
15835 2875
9034 2316
18058 6059
12264 4340
18768 5016
18489 8418
7259 1231
19622 12442
18712 2795
15311 14060
12169 4090
19321 2890
4896 19992
220 7444
13584 9893
13303 14819
16540 4448
18390 15423
7813 3655
19062 7249
4173 8744
2853 4651
8902 2325
9094 15078
12558 1316
1328 13922
183 15427
14590 2386
16886 10307
4383 16199
19265 18927
3776 4065
8860 7397
17810 13845
5623 2095
10299 11797
14326 3886
7096 15594
4928 12128
12020 5376
9076 16300
6910 8745
9243 6296
5642 15418
4477 3769
13455 5129
17237 6387
7535 8453
19562 4471
2615 4334
3561 15195
16158 10421
1217 3373
1760 2722
11514 19846
16480 9589
19117 8566
8114 1757
8150 11702
11764 4905
7038 18439
11573 14136
5967 17620
13139 10803
7201 6964
4857 11269
307 2335
2316 14474
19276 19364
8902 597
16621 6723
7866 6621
684 15417
6370 6288
6735 11717
434 11710
9863 2672
1161 11800
18252 2640
17289 8740
9096 6843
6848 7853
6242 13717
11594 18535
8591 11630
11884 14305
1348 17540
6790 18587
18405 5263
14507 9462
13457 9235
1485 11459
19893 15999
5214 5325
15076 125
15238 17763
13300 3872
19700 12304
13553 619
10627 9729
3138 931
10153 1901
6275 17125
11997 6384
8000 17257
7800 886
18000 12730
6266 16356
6442 15004
14580 15476
4453 6427
16197 19309
15572 17748
6854 9043
11322 10645
1518 2044
3997 7396
19030 1849
2811 11853
8271 10258
5762 5920
19994 6344
18873 4002
11799 2001
6914 4203
247 16527
5275 9571
3752 13822
1352 5226
12621 14889
5631 7982
18500 15646
17579 13898
14492 5464
9544 16151
19347 15366
3022 10773
4348 6489
16003 10938
9943 19204
17531 11924
10629 1195
16161 8262
1267 18817
12733 2245
15715 10249
4653 18655
9595 1195
18847 14438
2962 14353
13587 4005
5823 2348
5625 10960
19665 529
8337 5263
1550 10806
9051 11186
13851 10587
9304 15890
2298 11948
432 11065
7787 15308
8758 779
3276 9164
19536 7523
16087 2857
16924 5456
8068 2887
18406 4883
1327 14925
16437 5295
15629 13490
7496 5576
5033 9137
9318 9527
6004 19071
766 12389
16961 11224
5601 19810
128 4151
1382 14541
10531 5491
7761 8112
14131 282
14655 14830
17334 17079
10080 3695
13504 4599
19868 129
18576 4552
17088 3941
17554 7317
17620 2493
16370 6316
10227 8805
9505 4201
14338 3145
12755 9387
16872 3649
12654 15011
10597 16601
9337 14025
852 227
17974 13957
4879 17209
5447 12751
18614 10592
13541 3153
9424 15358
17691 7257
10166 13673
11191 5116
19802 15627
8801 11735
18947 19312
10783 15296
4860 14137
18672 16122
19750 19508
7475 676
8668 17384
15464 7803
18861 1638
12389 15449
1124 9797
9678 15265
15530 3427
2061 9777
18836 2301
19084 2222
18938 14426
17072 12671
2949 19153
17395 5744
19777 13763
15237 14984
5526 5308
4580 16877
607 18942
9763 3546
1153 1581
1700 7293
14113 5442
7743 2459
5391 19880
18170 10480
3411 1891
9400 2552
6720 15763
4321 10975
3541 10578
13447 5031
3617 598
7171 174
8290 8072
18981 10323
3406 575
12275 2225
11485 5705
19275 8144
4526 14856
19564 18519
16887 14692
7879 9797
8851 10111
6056 4293
15849 5655
2410 8711
15704 13713
13320 15875
16855 17306
16425 260
14213 12858
2604 12062
16092 14071
14764 16843
15637 11877
5497 18173
3196 17403
12761 19275
12315 4998
3030 6270
1312 565
4704 10479
14869 6835
11100 10079
5603 1637
11948 2507
4309 7860
15108 18116
9355 14516
6052 12905
673 7127
1707 13543
11822 2687
7353 11434
14853 19512
538 14258
6935 5505
4347 3163
15235 19747
13862 11746
17036 11775
4287 18952
5808 10487
16964 12201
766 393
10372 9344
17362 6705
17228 8433
9250 12803
5924 2867
18446 13659
4770 16080
9719 7045
10950 14784
17693 710
12518 12638
708 8153
1471 17283
14177 18249
8635 2826
7984 14682
7005 7143
17435 10005
9174 18798
15314 6109
6616 11876
3789 17986
3851 8727
9256 889
8885 373
617 2342
12829 12260
2073 19931
6232 9059
15207 3392
17412 6382
1934 15249
18950 19581
9846 18093
12522 10179
4546 8565
9354 9040
9763 8218
13868 2041
5332 9627
11437 18783
15594 2502
17686 7802
16326 8997
6417 12772
16986 22
15943 3339
16909 5094
19573 1544
8994 7085
14900 149
12522 10240
18758 12783
17906 4880
9917 7416
516 5486
19971 14511
8145 10162
14401 9080
7261 18973
10394 1916
6872 16241
5775 19434
5659 7610
4275 3840
7949 6531
16371 5753
7210 6811
12050 9937
1889 17928
2126 11480
7767 18086
8088 4509
3445 16290
6983 18477
11109 9220
7466 18054
13466 11270
5881 11862
19495 6834
7148 12522
16672 2788
14218 15948
5320 6072
11965 1311
1985 16382
16699 14793
3024 7196
10787 10006
17045 9728
13435 15885
5393 13840
13281 8884
13582 17580
6201 470
13387 12703
2638 13198
5240 7401
12729 9047
13647 19434
4663 12257
4544 2946
1946 15537
2808 483
18624 13319
10602 18070
8030 8648
2769 5680
238 11302
4223 8021
6177 3946
16057 11306
12202 348
12065 10485
17984 15158
15424 18432
2639 8236
6466 13647
19323 18204
6819 16271
16874 19673
12592 13544
8597 6499
9881 5336
12903 19475
19555 7950
18284 1012
5081 138
15971 11646
17121 19097
17638 3627
1664 16224
12631 15383
4671 2458
19461 7293
5532 11292
9689 4016
4039 3886
8813 1506
11202 15158
8414 17900
12872 12362
16569 16614
6983 8355
9408 7268
162 623
5706 15478
7512 14103
8530 6076
10576 10925
3206 5996
12796 13438
9259 2836
9235 8222
15480 13012
17885 18254
1895 19477
3577 8017
10187 13115
2336 2029
4971 14218
3949 11152
12349 857
13593 12993
9293 9501
9563 2803
7652 19894
3433 19522
9973 10977
11466 17948
10814 17574
1612 2493
16862 8570
9152 568
1930 6485
15860 14397
18770 15635
2470 8854
18661 1470
12356 9957
1852 7220
5453 3680
17177 5644
15832 18024
7577 3455
13728 2607
19731 3909
13436 9507
640 9078
2129 6694
11770 7492
11514 1121
2228 5115
14165 12363
16451 18027
19424 19700
9023 13733
9982 5604
19478 4674
19549 16848
3338 2275
4457 767
2131 12829
7637 8698
4765 17497
12061 11224
5388 7897
12600 539
18743 6028
144 4153
13029 2681
9940 1072
2417 2051
17270 16718
6606 1874
7907 16078
13199 8248
8248 15901
10181 2190
10561 16243
10400 991
12502 9268
7713 11641
6859 18917
5346 15829
7416 18917
992 16474
19919 8574
351 14257
3292 15883
1000 9284
15587 5729
1943 17806
1576 17268
10603 16827
14474 19092
18741 455
12973 13348
1456 11038
16566 708
19362 15380
17106 16947
13011 11771
12589 8860
10755 17073
10358 12313
6526 14790
1234 8503
2353 4820
13523 5788
11961 3500
16407 3979
6433 18582
15935 5525
10643 7966
13631 3800
10071 3266
17683 2513
1609 19710
9745 2242
19087 2430
16577 10197
4507 15812
15047 7539
19370 7415
11498 4925
16940 10831
2005 11420
5973 12930
18766 14524
9153 62
19694 19774
15365 15106
3176 7241
3957 2637
8094 9194
1239 13032
10336 18332
14762 17999
11382 19173
19255 19786
11960 16562
19636 14251
14371 14722
11126 13989
730 17872
14254 11907
11224 19158
3414 7876
16402 18491
11648 11548
599 1854
1449 12920
9770 4753
1638 18914
6346 10688
3748 9018
16139 1882
7840 5935
7918 3981
7331 8247
14950 9018
5134 11222
9618 1678
19319 9221
17189 12739
5491 8534
2834 530
15211 3043
7234 16358
5050 16733
399 3066
9229 16895
10763 7247
10324 9749
7217 15093
7114 6255
5381 9467
6439 10060
16296 11513
16778 11774
15594 13953
15291 14221
4326 15204
17186 1823
18777 3540
16510 3933
5945 18747
10878 6727
13777 15077
9122 1186
10839 3752
10497 15695
8786 5907
16809 10993
12800 17551
14742 12470
10130 16973
4637 209
4905 12034
14109 10719
18615 9815
167 5980
19939 14381
11834 15157
5066 19727
16823 12315
209 4455
10408 19445
1701 12340
2410 18307
5891 18640
19080 16866
10985 15891
683 6515
16051 4860
2704 4796
18602 6451
18840 5027
1474 18578
17357 8981
2179 8368
18846 1714
13449 14511
3092 18648
12415 17206
15473 14192
17648 13844
9233 8453
8250 17427
8940 4015
7243 11706
12588 8289
12704 12096
5054 8601
14388 14669
13987 6965
1050 6866
736 9416
4229 3037
3520 776
17941 15519
17826 19936
565 17696
9880 2976
5135 19311
13054 1887
17303 16286
14189 15174
6471 17408
17074 3295
14855 8453
13705 6662
1725 10659
439 16851
5614 4967
5799 12697
5985 5989
9429 2111
17648 453
7593 7748
16196 13660
19596 47
10748 14505
11648 14728
11510 14684
19941 13461
3986 955
3092 16225
19076 638
5596 11785
18909 55
8585 18741
1922 13156
1914 3770
7512 13346
12503 5967
10559 15358
7846 6595
19135 5967
735 2101
4959 12489
11508 4900
5428 6180
17490 11227
18534 4025
15822 18262
7510 16880
5489 3768
768 14516
17113 635
14481 18841
4952 6034
136 15433
4574 256
7410 10474
11757 13879
13955 15282
13474 13553
7956 13864
162 16476
16803 250
9992 11548
15750 1846
490 1233
4154 12651
10598 2290
3686 5884
7164 15869
12856 19439
3835 17821
5256 9535
17467 8653
5113 8050
7417 19194
13077 17232
6451 12830
7589 11833
18531 18068
12746 13189
8345 6252
2295 12358
217 18372
1157 10165
19893 2224
10881 10833
11742 6585
3436 12866
5978 12581
18993 5932
15835 4121
7625 5747
12943 9016
12318 263
691 350
1249 19981
19998 13671
965 2777
19624 9761
18929 19361
4095 15004
13832 19353
16260 1794
15150 9895
18667 9961
9578 8852
8176 16846
1355 2868
11624 18447
15861 6874
6846 6967
11490 6135
12989 1128
13472 4521
16819 4774
5132 3400
7578 16581
7012 14400
1989 9084
2372 6267
13092 18792
8742 1144
11874 787
9550 8802
9042 1032
7257 18725
5767 7477
26 19403
6870 17124
17626 1805
17681 355
19095 9708
16669 16110
14626 3411
9947 11921
7205 5347
10897 11341
15723 16185
8386 7961
607 8260
10468 10001
5434 19481
16915 12365
13592 5387
3606 14087
17714 19574
14503 8266
11439 3467
12870 8847
18006 15247
2357 4043
8227 14724
10725 19712
11601 6021
14227 17674
8645 3206
9052 3717
9934 5289
7722 17984
17945 6540
12993 6438
11472 5631
19529 6279
9176 12864
14523 466
18833 8564
12432 6904
1837 17714
6127 6412
18764 15996
7003 212
11096 10617
19988 2490
16632 5660
15877 16497
11714 6169
3066 13659
2060 17770
3488 14368
5809 19352
3464 16370
7359 5193
19159 12111
8603 9866
8472 19915
5385 4382
16448 5534
11305 5232
19672 10400
18462 9343
16613 10818
5245 17439
15506 8359
15031 15898
19126 15898
16425 12897
16688 16016
15631 8524
7087 8871
4613 465
14858 15229
14890 7009
457 16960
6129 7310
9862 2108
11140 15209
14990 14554
4450 17380
6054 9338
306 19172
9748 3821
17797 12238
3006 12224
15711 6880
11107 16426
17817 19034
1021 19465
438 6889
6126 9869
18531 15380
6839 14672
3883 8129
3179 16946
19657 5886
9921 19657
19147 8122
2748 11860
13480 10134
4708 15498
2904 1896
6245 1499
9379 6841
19247 2401
4388 8852
15781 15382
15181 3998
15566 4369
15135 19849
2753 12808
19454 9724
12194 9703
16127 11781
8144 10710
3909 3624
4221 3339
3974 1902
2438 735
24 13401
1280 12048
2771 19170
18017 9060
9052 6499
8848 8507
13288 14875
11963 17474
9537 11533
3251 5255
16107 19817
2117 9222
1495 9279
15769 14564
10370 297
4326 8139
1384 17980
6234 15220
14767 10186
3734 4593
7019 2752
11495 12240
2405 1346
18032 6735
16561 3833
19169 550
6203 19658
15542 596
10724 3454
2036 8622
16451 18931
16034 7523
12346 16099
13500 3094
17175 9945
7167 12490
2456 11913
9479 388
12943 6916
14436 1780
16985 8023
7134 16351
2763 18623
7526 13573
13257 7545
15824 9909
2704 16482
10960 9942
402 11041
663 1783
3886 16822
11928 3773
12831 10180
4095 14255
17476 19633
3188 19141
10919 18390
15853 3011
3340 11049
3942 8630
18022 18240
6710 17086
3969 1838
6556 16137
7994 10347
6402 7901
10354 19152
2034 18668
2310 13547
11121 13437
11418 13818
2126 5632
973 11112
10960 8543
3660 10424
964 19163
16318 2776
12714 17393
2662 12472
4116 3980
3862 7330
18411 9123
3074 19855
17950 294
9346 5554
4980 2649
18741 942
17197 18289
16106 18258
15431 11682
19601 6512
13602 17688
1907 19189
16952 5969
6997 17823
13560 910
19394 7570
6301 9762
14048 6070
17617 13357
19286 10048
7899 3532
2705 5507
19741 9316
470 6799
14992 19954
14159 7482
9240 7024
16116 1572
9299 10166
14209 7674
3220 1378
9970 425
19513 1326
261 3781
2491 7840
1962 8931
4066 11478
1577 5923
8779 16022
7261 2603
8527 12745
9427 7039
6164 16490
17931 10325
13049 18867
18775 5535
14626 9286
1312 15529
10230 18091
8155 17447
8578 7695
14290 4916
18796 17438
9352 389
18293 15763
17566 19448
3494 9361
3562 16552
17107 3095
19099 7412
16577 16798
5641 7013
2288 5432
834 4301
1283 17662
3098 14628
2468 4535
7869 9282
2686 14746
1478 17772
9519 5886
4207 13018
16327 2098
12764 2184
17777 17728
4222 16615
9995 3852
8438 3201
18485 19947
13982 6445
19066 6544
3860 15620
2370 16324
1579 14624
780 10930
5579 13481
8225 8669
596 19913
17855 14311
18240 7018
392 16352
15856 8785
6815 19398
12711 9049
3045 9739
5590 1454
11442 10706
2084 8077
4149 11069
19177 12614
6725 4530
17175 10354
6998 1261
14575 1649
3705 3476
18185 18188
12222 16190
4607 12097
10609 11601
4139 16749
18138 935
6224 5120
10656 11148
6758 6645
12358 15512
11895 16746
1931 6916
408 4530
12533 10625
7269 13664
9715 9258
4752 19008
19116 16926
4234 7307
6668 11739
1756 14109
8053 16319
3527 11028
1243 4467
13691 17589
16279 8821
6038 10098
19735 9103
13763 16331
17912 13479
16930 19320
12346 6577
6021 6100
14041 6884
11738 8001
18665 13519
16177 7933
3988 7779
18574 17068
12941 8424
19980 8421
10949 1281
15583 18080
14559 13568
789 6141
19895 1238
7788 8910
14089 3676
12977 11524
10618 14233
12468 5853
10309 17390
12819 12405
13834 13742
7212 16936
18597 12510
3490 2530
3205 17985
19773 6192
16070 11063
5825 15284
1200 9955
3895 3659
13876 5187
11479 9907
1656 3165
10215 876
12014 19865
122 2460
16959 1621
6410 16637
17080 13513
7318 18811
2712 7528
5720 2774
8339 2438
14720 11903
17792 15260
7978 4728
2492 194
19234 10569
2687 15097
2308 16677
12550 7833
2775 12168
3997 15251
5612 15990
1192 16082
9273 16295
18002 15694
15996 6765
14003 5452
558 1839
11168 12307
5279 7220
2982 15305
7770 14656
500 14858
19714 714
15712 17878
19937 18111
1627 7337
3075 15133
10577 18298
16346 3773
17507 4153
1238 451
3426 6592
14377 4511
5637 709
12411 19183
16064 12714
9409 17266
6679 1877
12137 9542
1971 593
8458 7764
2364 16889
7224 6025
9628 2236
4182 14433
15596 14147
17739 7224
8855 17888
897 13793
10614 14484
11198 5613
10538 13269
9237 14580
16136 6383
18110 19076
15142 9898
11104 12870
19339 11667
2999 8948
10404 9533
1552 5481
3607 15184
10050 14333
3586 18730
19237 3895
7897 16996
7529 17458
18696 4539
2080 15988
10647 10589
101 19839
14040 17358
9781 7824
6090 15622
3198 14019
533 1957
19830 2774
5888 18731
18576 639
6120 2685
8642 238
3957 892
15202 5623
16732 13880
14474 1222
7387 14885
4602 17218
9142 11497
3753 13047
1341 1337
4830 7682
16127 6968
7459 10450
825 16901
12175 9369
9322 9311
19202 15339
7219 13051